,barks,cat,dog,kitten,meows,plays,puppy
barks,1.0,0.4,0.948,0.083,0.055,0.721,0.949
cat,0.4,1.0,0.671,0.946,0.936,-0.175,0.174
dog,0.948,0.671,1.0,0.396,0.37,0.522,0.828
kitten,0.083,0.946,0.396,1.0,1.0,-0.422,-0.134
meows,0.055,0.936,0.37,1.0,1.0,-0.441,-0.16
plays,0.721,-0.175,0.522,-0.422,-0.441,1.0,0.902
puppy,0.949,0.174,0.828,-0.134,-0.16,0.902,1.0
